0.000000000000000000
0.812549830439870058
0.543747719607690971
0.885654031138313536
0.361531854850130674
0.824038324444319015
0.517639138986695668
0.891375667840982766
0.345660298914826469
0.807447658412267288
0.555040649575636702
0.881671363565964317
0.372441615845197249
0.834399327263986468
0.493284704130880047
0.892325430558636778
0.343003080949278727
0.804494280697866770
0.561492596985788905
0.878987241442753531
0.379730376029419059
0.840847930465714932
0.477739726884863491
0.890717439348194695
0.347498092549704096
0.809460792027650644
0.550607065719855071
0.883343518996392629
0.367874856411892992
0.830165685138400278
0.503328854918195567
0.892446858417774047
0.342662889334691467
0.804112532837493177
0.562322017988985401
0.878620627863429204
0.380721926057522919
0.841695876551460498
0.475673583880079354
0.890373815076913488
0.348456272797718569
0.810500826162388832
0.548305231704445561
0.884156323122971100
0.365647827774650935
0.828047091549404257
0.508307091925337740
0.892240063955565654
0.343242180528032681
0.804762093116397237
0.560910101720289878
0.879241774972368328
0.379041395407598403
0.840254599872685359
0.479182409646451479
0.890939303228812429
0.346878987579721798
0.808785313080203405
0.552097918686943578
0.882796895945275217
0.369369913999798405
0.831568081889588750
0.500015897907857720
0.892486417065455728
0.342552039312561174
0.803987963395526362
0.562592444013516935
0.878500034665364082
0.381047874956364496
0.841973085942412380
0.474997009715877827
0.890254668133302229
0.348788311652083793
0.810859700524924509
0.547509168223471288
0.884428618389829335
0.364900702255496479
0.827328411258705265
0.509988555817536660
0.892130240035188815
0.343549705007932027
0.805105947293685120
0.560161463859563780
0.879565350413660352
0.378164861825742549
0.839494855212299718
0.481026058176924898
0.891201200154580930
0.346147719218028393
0.807983932185556974
0.553862425344071818
0.882129431298091848
0.371192590035610337
0.833256203908286808
0.496009331760510652
0.892429565037133443
0.342711344802572204
0.804166957868373555
0.562203832688218275
0.878673167200538008
0.380579886080173346
0.841574838667284220
0.475968824247886169
0.890424783595426539
0.348314202712010690
0.810347033457851529
0.548646096798124816
0.884038345972860129
0.365971369872435892
0.828357078813398151
0.507580690329602291
0.892281264378635752
0.343126790564093120
0.804632897235501021
0.561191168264618789
0.879119259499046790
0.379373082490999824
0.840540662465396715
0.478487162520333131
0.890834239341069867
0.347172209236165985
0.809105575815421196
0.551391471326463600
0.883057893982249431
0.368656329708764441
0.830900714970673304
0.501594205731484166
0.892477344979676679
0.342577461818816764
0.804016540086741727
0.562530417075130740
0.878527740970867721
0.380972997334976082
0.841909471970150536
0.475152318367628279
0.890282307511780502
0.348711295226051265
0.810776529718662542
0.547693741506300569
0.884365887612984625
0.365072870298855601
0.827494377753351551
0.509600578966666551
0.892157372089332656
0.343473738941773743
0.805021069701355452
0.560346337466738786
0.879485816622452621
0.378380380220756651
0.839682166615691061
0.480571898252457330
0.891138937913029228
0.346321612166519133
0.808174843650768415
0.553442486299114855
0.882290298483932922
0.370753593635231971
0.832851783696425985
0.496971030619675347
0.892453664946018410
0.342643817087071423
0.804091106350508178
0.562368540333471945
0.878599918975903837
0.380777907072229860
0.841743540614516061
0.475557291116721570
0.890353568143197327
0.348512704126950623
0.810561873816401213
0.548169879281907968
0.884202939973299018
0.365519957715708443
0.827924372556685273
0.508594473113573975
0.892222724044564930
0.343290740767323965
0.804816434959188420
0.560791845054609550
0.879293153867637844
0.378902265033509822
0.840134373423322978
0.479474433881457329
0.890982403909897802
0.346758675562118257
0.808653728199699162
0.552387961216621592
0.882688707496053548
0.369665565120728123
0.831843519095573192
0.499363568026219895
0.892484971976745256
0.342556088892187527
0.803992515717807721
0.562582563392480584
0.878504449998487313
0.381035942673649541
0.841962951283796168
0.475021754645266470
0.890259083378373672
0.348776009049911628
0.810846417664398689
0.547538648962119345
0.884418615116969842
0.364928158667190083
0.827354892865882263
0.509926663433503014
0.892134640351644803
0.343537385076656432
0.805092184919126597
0.560191443460972383
0.879552469577765672
0.378199769011786757
0.839525216262074436
0.480952461025929257
0.891191210473197937
0.346175621381116017
0.808014579613412609
0.553795029161000207
0.882155333758304017
0.371121916336224544
0.833191189531695686
0.496164012729226056
0.892433886937084364
0.342699235185165707
0.804153357955005976
0.562233367218589963
0.878660046956696195
0.380615358475635657
0.841605079593974459
0.475895069192351916
0.890412109284377973
0.348349532928029615
0.810385292336234464
0.548561315862795218
0.884067767092381662
0.365890694306097330
0.828279853106643538
0.507761719601264483
0.892271349121223634
0.343154561318257223
0.804663999328512625
0.561123516334926520
0.879148800172752098
0.379293116602821390
0.840471767969745653
0.478654657259664662
0.890859866266489608
0.347100694597422432
0.809027522655923370
0.551563711356814590
0.882994588122119506
0.368829456406373435
0.831062962643119851
0.501210786191042423
0.892481184415955919
0.342566702722778837
0.804004446666688466
0.562556667075555739
0.878516018925692976
0.381004677393978197
0.841936391364356940
0.475086600250293090
0.890270633059076055
0.348743826457329820
0.810811665685905569
0.547615773527005967
0.884392416201619458
0.365000064566926019
0.827424220332986238
0.509764608686256282
0.892146032277211343
0.343505489514695617
0.805056549923544029
0.560269063531205869
0.879519090039485252
0.378290222360959161
0.839603848941566144
0.480761819722065775
0.891165154012938054
0.346248396285560811
0.808094488608765871
0.553619271251407641
0.882222730451704074
0.370938005037116492
0.833021838109939128
0.496566788720325725
0.892444339233402051
0.342669948136999913
0.804120462305477957
0.562304800269305627
0.878628288215800746
0.380701217539766656
0.841678238974023385
0.475716612663314553
0.890381282049164668
0.348435460454821433
0.810478305541450395
0.548355156807895261
0.884139095350918169
0.365695079641032317
0.828092410399810186
0.508200937848885870
0.892246319909278718
0.343224660268153070
0.804742482753555977
0.560952771873941103
0.879223211584949538
0.379091659098094613
0.840298000149495294
0.479076967119824282
0.890923591052630304
0.346922843532449787
0.808833252496991784
0.551992218757927366
0.882836173630436760
0.369262557541647773
0.831467911027101159
0.500253002587109141
0.892486189454410384
0.342552677149169260
0.803988680425324787
0.562590887740788470
0.878500730160056587
0.381045995415617178
0.841971489625980563
0.475000907353875845
0.890255363880079753
0.348786373038283637
0.810857607516149881
0.547513813650194692
0.884427042536202412
0.364905027615887556
0.827332583409922662
0.509978805065468332
0.892130935092135369
0.343547759008492271
0.805103773524635691
0.560166199231866946
0.879563316271885554
0.378170374447790447
0.839499650476667525
0.481014434583187156
0.891199625002122353
0.346152118821156929
0.807988765030194789
0.553851797971563253
0.882133517883358476
0.371181440289511944
0.833245949367325989
0.496033731174059189
0.892430258122800968
0.342709402841038180
0.804164776985680008
0.562208568935685493
0.878671063617468828
0.380585573490931528
0.841579687903468265
0.475956997811654292
0.890422753916381260
0.348319860611395138
0.810353160962390628
0.548632519069319757
0.884043061238015571
0.365958440573435906
0.828344705525804748
0.507609698137501231
0.892279691318236923
0.343131196454561860
0.804637832017615073
0.561180434800641281
0.879123948519848653
0.379360389841273349
0.840529730179616963
0.478513743108346157
0.890838319579104199
0.347160823215364733
0.809093151224792084
0.551418891601192396
0.883047829989830002
0.368683854283338885
0.830926524248808196
0.501533226478117822
0.892478025798593366
0.342575553995349724
0.804014395718675390
0.562535071720671298
0.878525662778688821
0.380978613939293331
0.841914245071792355
0.475140666207372775
0.890280239820276043
0.348717056984663432
0.810782753364876929
0.547679931653128893
0.884370589575658617
0.365059966479536369
0.827481946070440788
0.509629647099261507
0.892155376536964195
0.343479326396415152
0.805027314020234752
0.560332738341889014
0.879491675366745773
0.378364505903807213
0.839668381239144890
0.480605331161768012
0.891143571553174252
0.346308671771611565
0.808160644243592574
0.553473729030478756
0.882278373599507670
0.370786142233088700
0.832881815932930425
0.496899655021863618
0.892452103153774878
0.342648193339746387
0.804096023028487039
0.562357865266777446
0.878604672225401062
0.380765058186804284
0.841732602632560112
0.475583979494080766
0.890358223210295452
0.348499729995583707
0.810547840358243676
0.548200996060717594
0.884192234594389670
0.365549323951347593
0.827952566141387014
0.508528459384554044
0.892226759327749863
0.343279440190657759
0.804803790434027833
0.560819363474882815
0.879281206871853516
0.378934618325493966
0.840162343140927415
0.479406506001030186
0.890972432585405261
0.346786510876240239
0.808684180785884665
0.552320847894877232
0.882713794775173977
0.369597015501545778
0.831779711847230763
0.499514733706871328
0.892485577304879985
0.342554392579814848
0.803990608827805819
0.562586702233776048
0.878502600567692249
0.381040940712368936
0.841967196480940205
0.475011389599637013
0.890257234472309200
0.348781160843342652
0.810851980078806767
0.547526303575467388
0.884422804853747802
0.364916659004064226
0.827343802138552298
0.509952585111435042
0.892132800746222698
0.343542535589489106
0.805097938596582630
0.560178909963057081
0.879557855417620993
0.378185173479389125
0.839512522636720604
0.480983231996502170
0.891195391863706221
0.346163942432679783
0.808001752261800488
0.553823238365080406
0.882144496025587865
0.371151487186064166
0.833218396781958748
0.496099285428817427
0.892432099194597872
0.342704244312558304
0.804158983668345817
0.562221150183158658
0.878665474935029889
0.380600683333872758
0.841592569831629778
0.475925580233645618
0.890417357112208263
0.348334904509429832
0.810369452390839240
0.548596418143501130
0.884055591942420449
0.365924080499013038
0.828311817270892536
0.507686795709203387
0.892275481200871190
0.343142988232713941
0.804651038621850945
0.561151708743781952
0.879136493737730063
0.379326430581493401
0.840500475128301838
0.478584869183699912
0.890849212937512513
0.347130424405215354
0.809059975068774362
0.551492103849116178
0.883020932786389490
0.368757413397183598
0.830995472707560356
0.501370299507201911
0.892479714606709496
0.342570821521849422
0.804009076369555431
0.562546617957121020
0.878520506981881333
0.380992548066364900
0.841926085596549689
0.475111760256004934
0.890275106235039360
0.348731361926189309
0.810798204027899039
0.547645646473535752
0.884382257066900657
0.365027946147761406
0.827451092191702875
0.509701785793062911
0.892150398089511243
0.343493265695841266
0.805042891059659871
0.560298812835311244
0.879506285321152714
0.378324919041853613
0.839633995871765015
0.480688718173390594
0.891155093815428123
0.346276492815449088
0.808125329311032536
0.553551425676485742
0.882248687732126946
0.370867164466833987
0.832956541415177054
0.496722032045271156
0.892448058637629216
0.342659526279995796
0.804108754842785212
0.562330221212945069
0.878616977414642730
0.380731794305183280
0.841704280324114595
0.475653081183899373
0.890370252504613768
0.348466202448769524
0.810511569749892802
0.548281413380288352
0.884164535897305703
0.365625301253844792
0.828025480949501569
0.508357707050147822
0.892237052738948933
0.343250613562686435
0.804771531399923301
0.560889563997171381
0.879250705147950340
0.379017214484028753
0.840233714382967567
0.479233146898457030
0.890946835387168456
0.346857963133617497
0.808762326160847422
0.552148595914208284
0.882778036192492954
0.369421458853003204
0.831616147496538449
0.499902101061197757
0.892486383752655099
0.342552132665363940
0.803988068339106299
0.562592216239626075
0.878500136458070791
0.381047599866716713
0.841972852307060760
0.474997580171597211
0.890254769969116122
0.348788027899186504
0.810859394175070802
0.547509848168010405
0.884428387743988464
0.364901335327066645
0.827329021914506635
0.509987128659072142
0.892130341808867966
0.343549420065275501
0.805105629001589662
0.560162157234122882
0.879565052575457251
0.378165668983444503
0.839495557348103327
0.481024356228605565
0.891200969578096580
0.346148363248871105
0.807984639644594327
0.553860869659804189
0.882130029561851270
0.371190957753855300
0.833254702736725861
0.496012903659721505
0.892429666765487850
0.342711059769405857
0.804166637769023307
0.562204527853702785
0.878672858455934902
0.380580720828068209
0.841575550409782491
0.475967088443324249
0.890424485755351602
0.348315032967867200
0.810347932639180479
0.548644104349597872
0.884039037991542043
0.365969472360993642
0.828355262977242823
0.507584947425606448
0.892281033897317277
0.343127436106491102
0.804633620278727646
0.561189595610629421
0.879119946580060208
0.379371222650112472
0.840539060640749458
0.478491057224988137
0.890834837510913080
0.347170540033565400
0.809103754415295917
0.551395491108678693
0.883056418947800181
0.368660363908034194
0.830904498102086886
0.501585267672459589
0.892477446431538590
0.342577177525746623
0.804016220546780125
0.562531110682606306
0.878527431300890727
0.380973834263249878
0.841910183222661979
0.475150582058695536
0.890281999462889440
0.348712153626517918
0.810777456947265995
0.547691684065804041
0.884366588214242189
0.365070947615582064
0.827492525494295528
0.509604910044115900
0.892157075139608180
0.343474570389114220
0.805021998908218905
0.560344313820878348
0.879486688528622440
0.378378017799176847
0.839680115184931686
0.480576873559655615
0.891139627972087012
0.346319685044122361
0.808172729108259102
0.553447138984830334
0.882288523064868824
0.370758439650186677
0.832856255540864399
0.496960403095636549
0.892453434706534598
0.342644462235534908
0.804091831177222938
0.562366966604172402
0.878600619755960710
0.380776012748257453
0.841741928091026659
0.475561225683696021
0.890354254741814399
0.348510790518578140
0.810559804039092446
0.548174468745355359
0.884201361454477919
0.365524287847939389
0.827928530165325971
0.508584738658202196
0.892223321047544538
0.343289068902410954
0.804814564321153503
0.560795916216850099
0.879291386732026226
0.378907050623351116
0.840138511080600003
0.479464385426674800
0.890980930945253213
0.346762787441056708
0.808658227054664391
0.552378046774372078
0.882692415586256440
0.369655433249905907
0.831834090276547755
0.499385907661220929
0.892485071707663891
0.342555809416193402
0.803992201549503904
0.562583245286116029
0.878504145304451312
0.381036766103053426
0.841963650694442123
0.475020046977653154
0.890258778819177810
0.348776857675593188
0.810847333942379178
0.547536615362933188
0.884419305348044915
0.364926264183327631
0.827353065816108679
0.509930933745495363
0.892134337626908525
0.343538232644659713
0.805093131756874580
0.560189380937387016
0.879553355953470284
0.378197366963270887
0.839523127323008378
0.480957524960352545
0.891191899063358051
0.346173698103905747
0.808012467285331493
0.553799674557196364
0.882153549427960537
0.371126784955062405
0.833195669430917052
0.496153355206299329
0.892433594637688898
0.342700054188858627
0.804154277784151272
0.562231369694427885
0.878660934521298898
0.380612958860626516
0.841603034157497154
0.475900058044337493
0.890412967809814049
0.348347139785711302
0.810382701098209091
0.548567058326142609
0.884065775933303821
0.365896154452599320
0.828285081231746156
0.507749465392846822
0.892272027686835778
0.343152660807139964
0.804661871010397767
0.561128145980728799
0.879146779648134813
0.379298586312525998
0.840476481844908974
0.478643198073051779
0.890858119378388991
0.347105569621867727
0.809032844559349318
0.551551968885932720
0.882998910729692832
0.368817635997460425
0.831051891818027078
0.501236954455958506
0.892480955749777149
0.342567343507653499
0.804005166943713490
0.562555103670128176
0.878516717208570941
0.381002790238595457
0.841934787998625089
0.475090514680064413
0.890271329299099801
0.348741886389794975
0.810809570491404674
0.547620423086350616
0.884390835407014353
0.365004403080549100
0.827428402093431603
0.509754832615675779
0.892146713506510203
0.343503582152707820
0.805054418712389919
0.560273705443391057
0.879517092480139540
0.378295635183343637
0.839608552550328624
0.480750414640260970
0.891163586963453103
0.346252772852784052
0.808099293003468278
0.553608702648082818
0.882226776092356224
0.370926964308975815
0.833011663769425592
0.496590980284534078
0.892444930146055082
0.342668292392625529
0.804118602365788915
0.562308838905922204
0.878626491572076618
0.380706074511712456
0.841682375963043516
0.475706520229265184
0.890379531851784978
0.348440338733927268
0.810483584507419641
0.548343454395016749
0.884143135126690960
0.365683999643699298
0.828081785102373957
0.508225827674317565
0.892244860303696430
0.343228748026254804
0.804747058362278667
0.560942816060641780
0.879227543962902813
0.379079928630276008
0.840287873068955471
0.479101572427565792
0.890927264633484595
0.346912589961856976
0.808822045437958437
0.552016930276671536
0.882826998070263991
0.369287637796930912
0.831491319974264398
0.500197599966169748
0.892486278576542058
0.342552427401411841
0.803988399669467890
0.562591497105975114
0.878500457838220172
0.381046731352612245
0.841972114669075178
0.474999381222710459
0.890255091471384596
0.348787132072402362
0.810858427004418902
0.547511994802155066
0.884427659556706769
0.364903334036816407
0.827330949835256013
0.509982622914461725
0.892130663027583481
0.343548520727015860
0.805104624401765556
0.560164345671912978
0.879564112512137286
0.378168216601929397
0.839497773457199337
0.481018984448185749
0.891200241684597327
0.346150396349908074
0.807986872958735391
0.553855958635875223
0.882131918062830866
0.371185805217578380
0.833249963944165506
0.496024179073790705
0.892429987293736127
0.342710161679279701
0.804165629187633346
0.562206718203163591
0.878671885631081895
0.380583351034769146
0.841577793006309416
0.475961619153341398
0.890423547160093753
0.348317649381981120
0.810350766228336350
0.548637825510935762
0.884041218576983479
0.365963493185273492
0.828349540997264433
0.507598362038172324
0.892280306777158971
0.343129472654705947
0.804635901305983170
0.561184634241559066
0.879122114050152281
0.379365355562248319
0.840534007333764044
0.478503343804520920
0.890836723840618627
0.347165276183350080
0.809098010478096041
0.551408167672012728
0.883051766604983746
0.368673087900949770
0.830916429457768113
0.501557077878901469
0.892477762664724450
0.342576291362107488
0.804015224512132254
0.562533272714483057
0.878526466011915419
0.380976443093085537
0.841912400270373507
0.475145169780821608
0.890281039100371374
0.348714829741634535
0.810780347604474039
0.547685269906759808
0.884368772174744633
0.365064954077832682
0.827486751319010283
0.509618411454243359
0.892156148588955866
0.343477164689800440
0.805024898208639428
0.560337999625034500
0.879489408869214007
0.378370647027002460
0.839673714450222874
0.480592396981600889
0.891141779884637053
0.346313675393368603
0.808166134825431315
0.553461648360671687
0.882282985437340073
0.370773554486838630
0.832870202253647829
0.496927257236410569
0.892452711440003266
0.342646488880647360
0.804094108101266358
0.562362022967724418
0.878602821037222093
0.380770062299461920
0.841736862667015640
0.475573585227869522
0.890356410815726251
0.348504781336488600
0.810553304279708731
0.548188880922170330
0.884196403493816230
0.365537888219597651
0.827941587792672129
0.508554165259385793
0.892225191679601792
0.343283830312242300
0.804808702769776119
0.560808672839737565
0.879285848804237657
0.378922047772171866
0.840151476670080721
0.479432897218137366
0.890976310539727478
0.346775685510398612
0.808672338200352891
0.552346948115324476
0.882704042209988327
0.369623664386835360
0.831804521106808026
0.499455961571729445
0.892485361343029249
0.342554997770487646
0.803991289148282662
0.562585225623798313
0.878503260401170660
0.381039157532322537
0.841965681917132613
0.475015087563505134
0.890257894199275590
0.348779322582362938
0.810849995321950678
0.547530708628741869
0.884421310006102357
0.364920761959813489
0.827347759298763030
0.509943336383935852
0.892133457658909501
0.343540696373274390
0.805095884015760488
0.560183385577263104
0.879555932305024046
0.378190385104874571
0.839517055323012684
0.480972244317540876
0.891193899551401936
0.346168110591171696
0.808006330391423777
0.553813170529775189
0.882148364653040473
0.371140931697996335
0.833208685711151698
0.496122389119712404
0.892432740742490682
0.342702446743582523
0.804156964852743905
0.562225534353927525
0.878663527188676685
0.380605949306477509
0.841597058964523859
0.475914631463609239
0.890415474713958655
0.348340151752506710
0.810375134386738027
0.548583826701659505
0.884059960268604339
0.365912101977278581
0.828300349869569352
0.507713676097918842
0.892274003348074607
0.343147127401403018
0.804655674189633019
0.561141625494465557
0.879140895888355756
0.379314513919755403
0.840490207271188394
0.478609831368450811
0.890853027473703762
0.347119779428804731
0.809048355968853272
0.551517742707922531
0.883011504363838795
0.368783197249492767
0.831019631294362404
0.501313204118895794
0.892480261578368683
0.342569288762603008
0.804007353498040422
0.562550357597260464
0.878518836898211086
0.380997061616670851
0.841929920688762601
0.475102397534973964
0.890273442172865082
0.348735998861916641
0.810803212034806542
0.547634533289116709
0.884386037161741245
0.365017571824726272
0.827441094219699358
0.509725160347014206
0.892148776990745129
0.343497804619104286
0.805047962965414143
0.560287766269192078
0.879511040730184379
0.378312033544832060
0.839622801043983458
0.480715864621684086
0.891158834149243129
0.346266046743017197
0.808113863634761231
0.553576649481383520
0.882239041104660449
0.370893491846291168
0.832980812637548418
0.496664330607810844
0.892446696287878871
0.342663343627091721
0.804113043175153086
0.562320909876359631
0.878621120938620992
0.380720593121487594
0.841694741373486099
0.475676353336752566
0.890374296070834403
0.348454932157830688
0.810499375575910230
0.548308447563256141
0.884155213955303054
0.365650870033501108
0.828050009833318557
0.508300256630265124
0.892240469201974529
0.343241045614033569
0.804760822877693016
0.560912865713595443
0.879240572907878271
0.379044650286632312
0.840257410850256070
0.479175580683100455
0.890938288037086190
0.346881821244310384
0.808788411004630059
0.552091088678575370
0.882799436360712786
0.369362970695575721
0.831561605804421289
0.500031228983620846
0.892486414486148849
0.342552046540579525
0.803987971520984779
0.562592426377688359
0.878500042546871973
0.381047853656990232
0.841973067852740398
0.474997053884536502
0.890254676018223834
0.348788289681727870
0.810859676804957186
0.547509220870043056
0.884428600531560138
0.364900751272489832
0.827328458540209311
0.509988445316431949
0.892130247915774999
0.343549682944124302
0.805105922647569527
0.560161517549234378
0.879565327351449877
0.378164924325607721
0.839494909580271287
0.481025926391322911
0.891201182301275319
0.346147769084703294
0.807983986963520473
0.553862304888863455
0.882129477621724112
0.371192463647936066
0.833256087673162171
0.496009608331839047
0.892429572917190050
0.342711322723406264
0.804166933072940848
0.562203886536929098
0.878673143284774749
0.380579950740868089
0.841574893799993284
0.475968689789825539
0.890424760525050041
0.348314267022771906
0.810347103107684541
0.548645942464936143
0.884038399576988931
0.365971222890329906
0.828356938158815725
0.507581020084897916
0.892281246530141514
0.343126840554968615
0.804632953228155756
0.561191046478019984
0.879119312707350886
0.379372938463010678
0.840540538419332406
0.478487464128772688
0.890834285667597037
0.347172079961335533
0.809105434754050945
0.551391782646047268
0.883057779749557681
0.368656642134186419
0.830901007956491577
0.501593513524304258
0.892477352856983597
0.342577439744667978
0.804016515275842392
0.562530470930784676
0.878527716926441604
0.380973062318568756
0.841909527195782936
0.475152183550997975
0.890282283593931356
0.348711361874888326
0.810776601711715172
0.547693581760130499
0.884365942010958417
0.365072721012816959
0.827494233936320600
0.509600915250256303
0.892157349037667302
0.343473803485536411
0.805021141834190712
0.560346180374584057
0.879485884308078947
0.378380196827381998
0.839682007365774363
0.480572284480196177
0.891138991487898213
0.346321462548533909
0.808174679482804303
0.553442847523519355
0.882290160649790378
0.370753969854998977
0.832852130873514840
0.496970205544016386
0.892453647100079239
0.342643867092757515
0.804091162532189929
0.562368418353059729
0.878599973294289627
0.380777760240807561
0.841743415626718061
0.475557596088361123
0.890353621365993053
0.348512555790641276
0.810561713375350434
0.548170235040277953
0.884202817617687709
0.365520293357560200
0.827924694830489694
0.508593718559239405
0.892222770344705873
0.343290611107122223
0.804816289884003444
0.560792160789816418
0.879293016823309626
0.378902636164819673
0.840134694312117403
0.479473654595442611
0.890982289703121544
0.346758994378496999
0.808654077024754891
0.552387192491546664
0.882688995031215562
0.369664779472068217
0.831842787989386712
0.499365300253697575
0.892484979837370407
0.342556066864357023
0.803992490955607542
0.562582617138178365
0.878504425983141490
0.381036007574654778
0.841963006410074710
0.475021620050129267
0.890259059374348682
0.348776075934903673
0.810846489881638099
0.547538488682462909
0.884418669519125400
0.364928009349194615
0.827354748863786127
0.509927000006412889
0.892134616496535027
0.343537451866160359
0.805092259531406729
0.560191280931153668
0.879552539426545765
0.378199579724132318
0.839525051649752108
0.480952860074604915
0.891191264742195344
0.346175469804391067
0.808014413138227972
0.553795395271567514
0.882155193138174920
0.371122300024863960
0.833191542592061074
0.496163172816216747
0.892433863930581217
0.342699299647897415
0.804153430353753418
0.562233209995863681
0.878660116816872283
0.380615169602233572
0.841604918599411778
0.475895461861724933
0.890412176864812999
0.348349344547548012
0.810385088363777428
0.548561767889529706
0.884067610363804324
0.365891124087447561
0.828280264632745733
0.507760755031838262
0.892271402572251127
0.343154411613955657
0.804663831680664687
0.561123881013800285
0.879148641020849886
0.379293547439859158
0.840472139279104358
0.478653754631582551
0.890859728699967213
0.347101078503832872
0.809027941760046998
0.551562786635237390
0.882994928563911929
0.368828525454347689
0.831062090763023620
0.501212847098028491
0.892481166584495722
0.342566752691397358
0.804004502834236856
0.562556545160582733
0.878516073378694973
0.381004530231285665
0.841936266332843575
0.475086905500758716
0.890270687356381152
0.348743675158426247
0.810811502290172736
0.547616136128433739
0.884392292927017265
0.365000402896493437
0.827424546443328857
0.509763846313806335
0.892146085426405611
0.343505340703316231
0.805056383648504625
0.560269425689885359
0.879518934196862445
0.378290644651533836
0.839604215909153462
0.480760929922585789
0.891165031788574757
0.346248737643083560
0.808094863340310332
0.553618446931004815
0.882223046028614899
0.370937143818293902
0.833021044503946206
0.496568675706583917
0.892444385475923307
0.342669818564988016
0.804120316754653564
0.562305116316406228
0.878628147622048106
0.380701597615903331
0.841678562714890166
0.475715822882365358
0.890381145114126915
0.348435842131037787
0.810478718573505841
0.548354241205522119
0.884139411460162394
0.365694212644247230
0.828091579014368806
0.508202885403529425
0.892246205859002717
0.343224979676865272
0.804742840286173600
0.560951993943927696
0.879223550134950016
0.379090742435463646
0.840297208816930818
0.479078889810997333
0.890923878266770775
0.346922041873843068
0.808832376318504909
0.551994150760175550
0.882835456421569575
0.369264517964755956
0.831469740972553550
0.500248671744139672
0.892486197210733967
0.342552655413555673
0.803988655991085710
0.562590940773986303
0.878500706459927505
0.381046059464125897
0.841971544023560003
0.475000774534598658
0.890255340172997123
0.348786439095243761
0.810857678834456364
0.547513655359941120
0.884427096235047339
0.364904880225042916
0.827332441242027539
0.509979137328696264
0.892130911418788974
0.343547825288469055
0.805103847562800734
0.560166037946531858
0.879563385556767163
0.378170186682914800
0.839499487149210410
0.481014830487315248
0.891199678668297079
0.346151968924929554
0.807988600375531218
0.553852160048111886
0.882133378665910795
0.371181820129184936
0.833246298724547363
0.496032899934058080
0.892430234580674386
0.342709468803942041
0.804164851064497088
0.562208408058442632
0.878671135073002429
0.380585380298712972
0.841579523186484546
0.475957399530231862
0.890422822876593023
0.348319668379544090
0.810352952779063607
0.548632980380069357
0.884042901055908215
0.365958879796803915
0.828345125880401323
0.507608712680454821
0.892279744857034096
0.343131046501248260
0.804637664065892766
0.561180800109144062
0.879123788944706885
0.379360821795739822
0.840530102244532507
0.478512838489578429
0.890838180799034096
0.347161210487067828
0.809093573836483504
0.551417958942398978
0.883048172389363062
0.368682917847628577
0.830925646259463746
0.501535300970525122
0.892478003073615467
0.342575617676427635
0.804014467295774526
0.562534916353272019
0.878525732149154748
0.380978426456427877
0.841914085748772023
0.475141055151508118
0.890280308854574876
0.348716864616533784
0.810782545579507019
0.547680392719379072
0.884370432614332236
0.365060397238500423
0.827482361087593876
0.509628676711552098
0.892155443252254265
0.343479139597137773
0.805027105264333076
0.560333192983253681
0.879491479520512764
0.378365036554782430
0.839668842089520417
0.480604213508828981
0.891143416780798447
0.346309104007837931
0.808161118552759961
0.553472685438748391
0.882278772035409720
0.370785054731191444
0.832880812628924327
0.496902039611029522
0.892452155919042034
0.342648045488008424
0.804095856920706842
0.562358225921978039
0.878604511651005060
0.380765492250812854
0.841732972161225224
0.475583077868168058
0.890358066028991701
0.348500168077911898
0.810548314229226796
0.548199945356287466
0.884192596190246261
0.365548332060609604
0.827951613959249877
0.508530688959294985
0.892226623546129138
0.343279820441106664
0.804804215921507859
0.560818437500323674
0.879281608967361961
0.378933529439581807
0.840161401910604178
0.479408791984819949
0.890972768687083749
0.346785572647770546
0.808683154428663231
0.552323109953192115
0.882712949730710128
0.369599324612494839
0.831781861756287100
0.499509640832955237
0.892485559566757125
0.342554442287432981
0.803990664706344282
0.562586580951636939
0.878502654764049873
0.381040794248466486
0.841967072081051260
0.475011693335423701
0.890257288663292790
0.348781009845887058
0.810851817048874546
0.547526665412051528
0.884422682070315713
0.364916996012246364
0.827344127175925426
0.509951825433976103
0.892132854727128555
0.343542384454516403
0.805097769765240834
0.560179277739432102
0.879557697394340088
0.378185601722682951
0.839512895098368905
0.480982329118235408
0.891195269270100177
0.346164284847919002
0.808002128360945093
0.553822411285305738
0.882144813863347421
0.371150619974854767
0.833217598975850238
0.496101183521480638
0.892432152044904226
0.342704096230083355
0.804158817360600575
0.562221511347286262
0.878665314486587357
0.380601117127059130
0.841592939638845738
0.475924678297826864
0.890417202076691616
0.348335336676661778
0.810369920372097985
0.548595381094300061
0.884055951766804071
0.365923093818640466
0.828310872730632863
0.507689009812949843
0.892275359666966583
0.343143328625345356
0.804651419841448612
0.561150879523805268
0.879136855786445626
0.379325450517552953
0.840499630705531686
0.478586922088083566
0.890849526815052029
0.347129548491638018
0.809059019030751614
0.551494213491592666
0.883020157164607911
0.368759534509517262
0.830997460296372781
0.501365602280686495
0.892479760484618301
0.342570692959897671
0.804008931862362219
0.562546931623171154
0.878520366905782391
0.380992926635300266
0.841926407266166965
0.475110974958742105
0.890274966686042335
0.348731750782449557
0.810798624008312152
0.547644714508899955
0.884382574103946162
0.365027076055859767
0.827450253693790883
0.509703746169507088
0.892150262281110606
0.343493645947241910
0.805043315967678308
0.560297887396433714
0.879506683744492812
0.378323839460001032
0.839633057984262687
0.480690992500386993
0.891155407382200782
0.346275617084288834
0.808124368132799753
0.553553540247394449
0.882247879207100127
0.370869371102401035
0.832958575903462006
0.496717195495351982
0.892447945357885630
0.342659843693925825
0.804109111423293998
0.562329446967996360
0.878617321975511678
0.380730862858847940
0.841703487136685746
0.475655016345955972
0.890370588888892533
0.348465264877704572
0.810510555355945628
0.548283662307136432
0.884163760620089056
0.365627427754184109
0.828027521141905254
0.508352928769430501
0.892237337792359808
0.343249815261785440
0.804770637960365298
0.560891508150623275
0.879249859923715515
0.379019503187122020
0.840235691355024072
0.479228344361211367
0.890946123217866148
0.346859951022746638
0.808764499739508924
0.552143804179149766
0.882779820242675872
0.369416583043931546
0.831611601613953533
0.499912864288444836
0.892486390862451628
0.342552112741508874
0.803988045941490759
0.562592264852344814
0.878500114732959414
0.381047658577739035
0.841972902170742943
0.474997458421978214
0.890254748234983295
0.348788088458665102
0.810859459557314532
0.547509703051955010
0.884428436969478371
0.364901200214069521
0.827328891585824566
0.509987433249346811
0.892130320089113860
0.343549480875547097
0.805105696929090953
0.560162009259408400
0.879565116138104952
0.378165496725271166
0.839495407503388247
0.481024719446329463
0.891201018787828203
0.346148225799565834
0.807984488658668343
0.553861201674280546
0.882129901881719469
0.371191306112041208
0.833255023115242799
0.496012141349953417
0.892429645062409849
0.342711120579370920
0.804166706060178371
0.562204379544641197
0.878672924324889415
0.380580542739275940
0.841575398563920829
0.475967458766799467
0.890424549299547508
0.348314855832788983
0.810347740799266525
0.548644529438039208
0.884038890351891649
0.365969877188394743
0.828355650381665476
0.507584039186045555
0.892281083080722071
0.343127298351440291
0.804633465985693630
0.561189931205754333
0.879119799962489457
0.379371619525505521
0.840539402459582474
0.478490226122195772
0.890834709874732900
0.347170896204600343
0.809104143063596903
0.551394633374078902
0.883056733697937579
0.368659503071968930
0.830903690849791987
0.501587174902295097
0.892477424831306987
0.342577238054914524
0.804016288580452820
0.562530963005789308
0.878527497233392629
0.380973656071105504
0.841910031788825286
0.475150951739131633
0.890282065051897109
0.348711970858071263
0.810777259524548155
0.547692122130343906
0.884366439046692654
0.365071356981330586
0.827492919867969579
0.509603987894960420
0.892157138375730296
0.343474393330556627
0.805021801031967299
0.560344744760374436
0.879486502856882901
0.378378520875466473
0.839680552039247963
0.480575814065325124
0.891139481038452308
0.346320095384790583
0.808173179358367633
0.553446148289877482
0.882288901117261104
0.370757407756232560
0.832855303335558572
0.496962666063058556
0.892453483800057845
0.342644324671798006
0.804091676624098528
0.562367302167146699
0.878600470331592720
0.380776416667241269
0.841742271924990626
0.475560386728321294
0.890354108349816431
0.348511198525730870
0.810560245345764874
0.548173490207459757
0.884201698029416394
0.365523364569981468
0.827927643684362558
0.508586814238941587
0.892223193811309212
0.343289425218764765
0.804814963002719375
0.560795048548499597
0.879291763363550194
0.378906030667282512
0.840137629232557859
0.479466527037734680
0.890981244936297934
0.346761910915435567
0.808657268047827449
0.552380160217125216
0.882691625198594676
0.369657592888905429
0.831836100119388577
0.499381145807860194
0.892485050748118014
0.342555868151143306
0.803992267575469932
0.562583101978636924
0.878504209339543984
0.381036593049579486
0.841963503705385530
0.475020405863603279
0.890258842827516661
0.348776679322405414
0.810847141371331515
0.547537042758101444
0.884419160286793460
0.364926662334620344
0.827353449797346374
0.509930036278938181
0.892134401259606413
0.343538054486036470
0.805092932732196620
0.560189814479032711
0.879553169640167276
0.378197871866556679
0.839523566415060651
0.480956460531048569
0.891191754338224951
0.346174102330918942
0.808012911248522370
0.553798698203498696
0.882153924465279959
0.371125761652175590
0.833194727844490335
0.496155595219236523
0.892433656140893539
0.342699881860972611
0.804154084241817335
0.562231789996341491
0.878660747769928974
0.380613463761118931
0.841603464539069090
0.475899008339344010
0.890412787182127352
0.348347643286385844
0.810383246280253600
0.548565850147828327
0.884066194880256950
0.365895005620703317
0.828283981235560018
0.507752043691378607
0.892271885004967458
0.343153060427541234
0.804662318533909127
0.561127172503307237
0.879147204517337189
0.379297436162565227
0.840475490646725554
0.478645607637721071
0.890858486780721548
0.347104544317389907
0.809031725282352787
0.551554438522425139
0.882998001695340262
0.368820121813132062
0.831054220080093664
0.501231451182844956
0.892481004245027187
0.342567207610793900
0.804005014188502343
0.562555435234985635
0.878516569119163426
0.381003190460245500
0.841935128037232361
0.475089684517137512
0.890271181651317245
0.348742297809508106
0.810810014810306345
0.547619437076882876
0.884391170651344094
0.365003482999135265
0.827427515266355940
0.509756905840055730
0.892146569094311670
0.343503986490171054
0.805054870505314102
0.560272721412642616
0.879517515952059736
0.378294487696266390
0.839607555429915053
0.480752832422546628
0.891163919242455749
0.346251844841824197
0.808098274287038176
0.553610943612171225
0.882225918322314673
0.370929305210242977
0.833013821048275149
0.496585850976983656
0.892444805204629099
0.342668642480214503
0.804118995629696798
0.562307984982433284
0.878626871461537395
0.380705047536260055
0.841681501237387608
0.475708654185409252
0.890379901976209198
0.348439307097681727
0.810482468149907986
0.548345929153174372
0.884142280899949395
0.365686342563156908
0.828084031946399346
0.508220564495396432
0.892245169319281106
0.343227882601291667
0.804746089663736286
0.560944923810558604
0.879226626812181555
0.379082411944423936
0.840290017031533942
0.479096363400142444
0.890926487284602442
0.346914759678947804
0.808824416981542949
0.552011701107695596
0.882828940061062273
0.369282329656183461
0.831486365934208105
0.500209325160037799
0.892486261543345871
0.342552475133696299
0.803988453328115860
0.562591380642866623
0.878500509885125958
0.381046590698330467
0.841971995209436441
0.474999672900538794
0.890255143536069604
0.348786987000450410
0.810858270378361445
0.547512342432880383
0.884427541629337455
0.364903657720474894
0.827331262052213745
0.509981893229546679
0.892130715033860322
0.343548375121375482
0.805104461753409884
0.560164699987252046
0.879563960309550419
0.378168629077937801
0.839498132255321883
0.481018114729252766
0.891200123815509948
0.346150725573214746
0.807987234600094140
0.553855163388661254
0.882132223853559161
0.371184970903822908
0.833249196607172116
0.496026004849184854
0.892430039109992967
0.342710016494913061
0.804165466140816854
0.562207072293396060
0.878671728361737792
0.380583776240050631
0.841578155544998263
0.475960734983247979
0.890423395405927631
0.348318072409036006
0.810351224364095235
0.548636810340559111
0.884041571110292135
0.365962526534065358
0.828348615902831042
0.507600530808047012
0.892280189101393506
0.343129802245502324
0.804636270459983316
0.561183831306302339
0.879122464811434634
0.379364406089355899
0.840533189532212122
0.478505332185045040
0.890837029010682291
0.347164424596268451
0.809097081203823398
0.551410218508677885
0.883051013832972687
0.368675146691227362
0.830918359887687141
0.501552516824639083
0.892477813297371636
0.342576149476834679
0.804015065034691667
0.562533618881813413
0.878526311454430608
0.380976860805906925
0.841912755248481970
0.475144303201641360
0.890280885313866954
0.348715258277519702
0.810780810491001924
0.547684242789528430
0.884369121871164121
0.365063994387583468
0.827485826729439156
0.509620573344853001
0.892156000105702840
0.343477580435746166
0.805025362827413882
0.560336987756760774
0.879489844785252606
0.378369465906087166
0.839672688735786932
0.480594884574767789
0.891142124563795490
0.346312712804077938
0.808165078569373030
0.553463972408077653
0.882282098305085305
0.370775975875127062
0.832872436357565915
0.496921947519707530
0.892452594849218017
0.342646815576107489
0.804094475138978582
0.562361226055370089
0.878603175866610075
0.380769103130241260
0.841736046133716220
0.475575577537399929
0.890356758264217896
0.348503812961547144
0.810552256824502271
0.548191203458331389
0.884195604374932054
0.365540080296771430
0.827943692267958609
0.508549237683499911
0.892225492548610832
0.343282987744731649
0.804807759987764881
0.560810724614015599
0.879284957975875914
0.378924460185768308
0.840153562140868226
0.479427832335278137
0.890975566685906828
0.346777761997470679
0.808674609872109262
0.552341941589150620
0.882705913317282542
0.369618551638623616
0.831799761694887119
0.499467236767240919
0.892485404686272465
0.342554876309587697
0.803991152609148552
0.562585521977112646
0.878503127974871623
0.381039515410645291
0.841965985886887869
0.475014345391285897
0.890257761801533598
0.348779691495231081
0.810850393636395661
0.547529824595079262
0.884421610012596338
0.364919938523752874
0.827346965132542467
0.509945192528761360
0.892133325870830718
0.343541065352194419
0.805096296202521544
0.560182487689023345
0.879556318127266978
0.378189339530650148
0.839516145975453987
0.480974448677540911
0.891194199009825216
0.346167274178938555
0.808005411721425260
0.553815190803107482
0.882147588408665251
0.371143049676915970
0.833210634319925592
0.496117753222055591
0.892432612317601071
0.342702806580705788
0.804157368980834786
0.562224656729513383
0.878663917100020897
0.380604895135214394
0.841596160321143039
0.475916823221274377
0.890415851606612074
0.348339101154656994
0.810373996758845472
0.548586347731341295
0.884059085742961770
0.365914500051878366
0.828302645700966900
0.507708294584126363
0.892274299630531842
0.343146297575031956
0.804654744854276127
0.561143646989467282
0.879140013401116027
0.379316902831819347
0.840492265731566102
0.478604827106290820
0.890852263115971654
0.347121912480208183
0.809050684280952392
0.551512605101025843
0.883013394041130328
0.368778029610851599
0.831014789774221829
0.501324646697910992
0.892480153823783984
0.342569590719616068
0.804007692908924265
0.562549620878552203
0.878519165916879619
0.380996172415903389
0.841929165160458126
0.475104242036281377
0.890273770050663993
0.348735085226776764
0.810802225298080215
0.547636722954257915
0.884385292427703695
0.365019615726350943
0.827443064035150777
0.509720555113763796
0.892149096686717824
0.343496909502094716
0.805046962751046369
0.560289944741825807
0.879510102993835252
0.378314574495490330
0.839625008697603259
0.480710511331478796
0.891158096970442015
0.346268105557308581
0.808116123464211134
0.553571678065457706
0.882240942739401013
0.370888301996017522
0.832976028503988775
0.496675704549228492
0.892446966711441969
0.342662585892767713
0.804112191959648781
0.562322758147010715
0.878620298511553544
0.380722816397401964
0.841696634790996767
0.475671734022692305
0.890373493766726920
0.348457168361656244
0.810501795164852101
0.548303083478678510
0.884157064016901084
0.365645795623328884
0.828045142173364335
0.508311657780468606
0.892239793072359122
0.343242939150124160
0.804762942189827468
0.560908254160906727
0.879242578448068635
0.379039219797930316
0.840252720931195185
0.479186974298364488
0.890939981622986599
0.346877094000742903
0.808783242879252851
0.552102482830396868
0.882795198130590930
0.369374554334774119
0.831572409781782595
0.500005652161789826
0.892486417853687319
0.342552037103691587
0.803987960912400546
0.562592449402995021
0.878500032256788632
0.381047881465417126
0.841973091470584856
0.474996996218011613
0.890254665723680949
0.348788318366194561
0.810859707773713523
0.547509152134751376
0.884428623847287931
0.364900687275981017
0.827328396809549171
0.509988589586503838
0.892130237626876488
0.343549711750646136
0.805105954825553694
0.560161447451965500
0.879565357461482678
0.378164842725753680
0.839494838597415693
0.481026098450677952
0.891201205610536284
0.346147703978813559
0.807983915445452894
0.553862462155087831
0.882129417141605976
0.371192628659636537
0.833256239429674750
0.496009247240450923
0.892429562628883177
0.342711351550259335
0.804166965446187487
0.562203816231335307
0.878673174509509547
0.380579866319014415
0.841574821817997032
0.475968865340048564
0.890424790646012987
0.348314183057862492
0.810347012172012438
0.548646143964224176
0.884038329590752459
0.365971414792044147
0.828357121799203622
0.507580589552217631
0.892281269833206214
0.343126775286683283
0.804632880123920091
0.561191205483089761
0.879119243238355441
0.379373126506581670
0.840540700374385552
0.478487070347528187
0.890834225183359085
0.347172248743455425
0.809105618924735648
0.551391376185052406
0.883057928892409638
0.368656234229760238
0.830900625432384521
0.501594417274182414
0.892477342571641574
0.342577468566722554
0.804016547671251525
0.562530400611851777
0.878527748321068724
0.380972977469977658
0.841909455088081349
0.475152359580075068
0.890282314823264254
0.348711274852065933
0.810776507710989525
0.547693790339358944
0.884365870983945923
0.365072915934435638
0.827494421717066664
0.509600476167435645
0.892157379135883111
0.343473719211706940
0.805021047651415911
0.560346385487476728
0.879485795931926995
0.378380436281475607
0.839682215296054024
0.480571780188268294
0.891138921535760353
0.346321657903145230
0.808174893835136410
0.553442375876689652
0.882290340618165581
0.370753478629365918
0.832851677568356208
0.496971282835706574
0.892453670400344290
0.342643801803632797
0.804091089179471363
0.562368577614838938
0.878599902374334607
0.380777951948964744
0.841743578815057236
0.475557197906947116
0.890353551876356453
0.348512749463970095
0.810561922853042516
0.548169770549128188
0.884202977369472065
0.365519855131746452
0.827924274058308374
0.508594703732161424
0.892222709892787402
0.343290780398352091
0.804816479301828425
0.560791748549221869
0.879293195755494916
0.378902151596499148
0.840134275342839132
0.479474672072081720
0.890982438816605660
0.346758578117529803
0.808653621582967941
0.552388196173637658
0.882688619611512015
0.369665805252536450
0.831843742555713472
0.499363038575971696
0.892484969569893205
0.342556095636909141
0.803992523299767781
0.562582546936036709
0.878504457351763746
0.381035922801562121
0.841962934404633767
0.475021795857062390
0.890259090728159896
0.348775988570412365
0.810846395552213717
0.547538698038114280
0.884418598459548289
0.364928204386932964
0.827354936957915732
0.509926560378140104
0.892134647655686508
0.343537364626809616
0.805092162074068085
0.560191493224933779
0.879552448191178615
0.378199826968653174
0.839525266663695757
0.480952338843662952
0.891191193856679109
0.346175667792094577
0.808014630586088245
0.553794917062360281
0.882155376814300118
0.371121798855884810
0.833191081429114466
0.496164269899699972
0.892433893980370097
0.342699215450334493
0.804153335790610990
0.562233415351274357
0.878660025569435899
0.380615416298051068
0.841605128881405817
0.475894948979157073
0.890412088594843665
0.348349590600105841
0.810385354781692935
0.548561177476322825
0.884067815074019658
0.365890562730739444
0.828279727119772713
0.507762014899627245
0.892271332756116586
0.343154607153235813
0.804664050657236229
0.561123404681194815
0.879148848900100588
0.379292984693922086
0.840471654286104930
0.478654933616753708
0.890859908383984544
0.347100577060250326
0.809027394342373696
0.551563994470714469
0.882994483890819248
0.368829741430967861
0.831063229580740859
0.501210155216030406
0.892481189869239078
0.342566687441190509
0.804004429489316719
0.562556704360048676
0.878516002272651142
0.381004722399875984
0.841936429601975678
0.475086506897398286
0.890270616453528452
0.348743872728519810
0.810811715656591825
0.547615662633972988
0.884392453902040798
0.364999961097357384
0.827424120600196322
0.509764841838879823
0.892146016022025590
0.343505535027265108
0.805056600777179110
0.560268952768388062
0.879519137702295173
0.378290093207840294
0.839603736708145365
0.480762091858277285
0.891165191392900069
0.346248291887930937
0.808094374004167615
0.553619523354106136
0.882222633937546186
0.370938268426996287
0.833022080820468469
0.496566211617644693
0.892444325085836265
0.342669987778619123
0.804120506835675153
0.562304703577004794
0.878628331229289405
0.380701101258607233
0.841678139927969027
0.475716854290635816
0.890381323942481706
0.348435343686413102
0.810478179179961455
0.548355436923632311
0.884138998640521367
0.365695344889706897
0.828092664752491325
0.508200342016266848
0.892246354796278340
0.343224562563753499
0.804742373387233534
0.560953009836228422
0.879223108024471678
0.379091939499703379
0.840298242212188962
0.479076378982128459
0.890923503190574784
0.346923088768771037
0.808833520528860261
0.551991627737787760
0.882836393026972477
0.369261957841080346
0.831467351234642660
0.500254327415939892
0.892486187054959079
0.342552683873172670
0.803988687984158457
0.562590871334746723
0.878500737491786809
0.381045975601952691
0.841971472797863996
0.475000948442065196
0.890255371213937829
0.348786352603361438
0.810857585453607754
0.547513862617774349
0.884427025924262367
0.364905073211796604
0.827332627390061415
0.509978702278640061
0.892130942415410799
0.343547738504988653
0.805103750621154468
0.560166249124987026
0.879563294838783927
0.378170432532369427
0.839499701001543475
0.481014312111352871
0.891199608400414900
0.346152165191763783
0.807988815966311891
0.553851685962710727
0.882133560950267848
0.371181322786103163
0.833245841293455469
0.496033988318486441
0.892430265404568157
0.342709382438185994
0.804164754072504984
0.562208618696305118
0.878671041515662665
0.380585633246925570
0.841579738851776504
0.475956873556778348
0.890422732586184540
0.348319920070938871
0.810353225355857743
0.548632376380603692
0.884043110783874431
0.365958304717407368
0.828344575505790548
0.507610002949278716
0.892279674756744412
0.343131242840558348
0.804637883971139223
0.561180321797507431
0.879123997882019337
0.379360256222617376
0.840529615086628379
0.478514022939092620
0.890838362507530679
0.347160703421732331
0.809093020499326521
0.551419180098052131
0.883047724075036844
0.368684143951772791
0.830926795836711474
0.501532584775544299
0.892478032821886647
0.342575534314322749
0.804014373597328746
0.562535119737922695
0.878525641339284347
0.380978671882114484
0.841914294311576272
0.475140546001698916
0.890280218484565733
0.348717116437866848
0.810782817582871851
0.547679789156267471
0.884370638085725802
0.365059833350234009
0.827481817805995723
0.509629947005269979
0.892155355916715243
0.343479384132013232
0.805027378542097938
0.560332597822167933
0.879491735898242699
0.378364341891927969
0.839668238800601374
0.480605676602986864
0.891143619388006902
0.346308538182185155
0.808160497650589948
0.553474051569239678
0.882278250454929136
0.370786478347055248
0.832882126022165603
0.496898918020032776
0.892452086837470238
0.342648239059097692
0.804096074393018667
0.562357753743451760
0.878604721878706529
0.380764923964167723
0.841732488365472875
0.475584258298145490
0.890358271813298630
0.348499594533401569
0.810547693829349880
0.548201320955909677
0.884192122781373158
0.365549630664560976
0.827952860574454608
0.508527769955764763
0.892226801306939321
0.343279322629759909
0.804803658887123130
0.560819649755869842
0.879281082555861127
0.378934954976453686
0.840162634139481779
0.479405799246087727
0.890972328665690316
0.346786800968157338
0.808684498125157636
0.552320148487800977
0.882714056047550266
0.369596301565412733
0.831779047125793314
0.499516308344691740
0.892485582751752493
0.342554377316020064
0.803990591669093813
0.562586739476071629
0.878502583925511282
0.381040985687320088
0.841967234680621845
0.475011296330959565
0.890257217831657122
0.348781207210758948
0.810852030141053115
0.547526192464837691
0.884422842557167299
0.364916555518086438
0.827343702328319219
0.509952818387794271
0.892132784169322623
0.343542582001254093
0.805097990442660727
0.560178797023306863
0.879557903944497177
0.378185041971456637
0.839512408258341281
0.480983509259085673
0.891195429509495596
0.346163837284499287
0.808001636769866360
0.553823492343234802
0.882144398423565956
0.371151753490236380
0.833218641772058399
0.496098702562086602
0.892432082960151196
0.342704289800219608
0.804159034754375557
0.562221039241554976
0.878665524221043270
0.380600550082702604
0.841592456235190745
0.475925857287797960
0.890417404734423767
0.348334771760709760
0.810369308640864205
0.548596736693971021
0.884055481413599686
0.365924383581728518
0.828312107407858655
0.507686115595735510
0.892275518525809885
0.343142883692859668
0.804650921543236364
0.561151963410245203
0.879136382545904538
0.379326731576983767
0.840500734464541210
0.478584238701689813
0.890849116534317642
0.347130693429953785
0.809060268701528140
0.551491455902729522
0.883021171001101113
0.368756761944576628
0.830994862257293465
0.501371742165717893
0.892479700484612115
0.342570861095672807
0.804009120851605141
0.562546521404742705
0.878520550099828434
0.380992431535997489
0.841925986580615904
0.475112001985064147
0.890275149189922121
0.348731242231463290
0.810798074752559828
0.547645933343909319
0.884382159477683838
0.365028213976214377
0.827451350293923471
0.509701182358810456
0.892150439887918867
0.343493148664003989
0.805042760283428471
0.560299097662363965
0.879506162695134708
0.378325251313383681
0.839634284531218356
0.480688018188401622
0.891154997299430707
0.346276762365763269
0.808125625160879379
0.553550774812021529
0.882248936589527966
0.370866485281486025
0.832955915208432929
0.496723520708586996
0.892448093470892934
0.342659428675915201
0.804108645194923755
0.562330459291683682
0.878616871462019611
0.380732080725182442
0.841704524228217621
0.475652486123180174
0.890370149061353477
0.348466490765909132
0.810511881689957026
0.548280721802932636
0.884164774298942024
0.365624647343451847
0.828024853572776331
0.508359176406623092
0.892236965050155928
0.343250859137748998
0.804771806240831888
0.560888965933295069
0.879250965151876174
0.379016510442862053
0.840233106227662119
0.479234624247314944
0.890947054430434426
0.346857351714051410
0.808761657622657504
0.552150069724747450
0.882777487433036634
0.369422958608003227
0.831617545734984476
0.499898790440490015
0.892486381399444251
0.342552139259790500
0.803988075752301135
0.562592200149718114
0.878500143648675902
0.381047580434466848
0.841972835803109443
0.474997620468452564
0.890254777162685862
0.348788007855191540
0.810859372534829870
0.547509896198573265
0.884428371451285611
0.364901380046900481
0.827329065050794288
0.509987027845521523
0.892130348997544731
0.343549399938647970
0.805105606519337380
0.560162206209932512
0.879565031537827613
0.378165725996539137
0.839495606942863959
0.481024236012811801
0.891200953290724129
0.346148408741658142
0.807984689617684215
0.553860759770126831
0.882130071821065731
0.371190842455207337
0.833254596698521977
0.496013155967234720
0.892429673947808255
0.342711039645224980
0.804166615169044641
0.562204576934453026
0.878672836657517387
0.380580779764078780
0.841575600661010115
0.475966965890002425
0.890424464726082165
0.348315091588813297
0.810347996126484338
0.548643963671208379
0.884039086850991973
0.365969338388519860
0.828355134770424217
0.507585247996292899
0.892281017619378725
0.343127481698456027
0.804633671344140211
0.561189484540746020
0.879119995105011598
0.379371091299115337
0.840538947511178858
0.478491332289525617
0.890834879752720354
0.347170422157023928
0.809103625790045355
0.551395774980331321
0.883056314778475571
0.368660648809140901
0.830904765268018153
0.501584636460054689
0.892477453574581525
0.342577157509180608
0.804016198048521868
0.562531159518286361
0.878527409497443901
0.380973893190218793
0.841910233300784738
0.475150459807895276
0.890281977772837019
0.348712214067388782
0.810777522234199299
0.547691539199484656
0.884366637543096301
0.365070812240639253
0.827492395076883658
0.509605214994009459
0.892157054226418111
0.343474628945185489
0.805022064348982047
0.560344171302403105
0.879486749932897882
0.378377851424664569
0.839679970710574208
0.480577223950222787
0.891139676563466376
0.346319549343238775
0.808172580208940117
0.553447466610871075
0.882288398040172117
0.370758780904855090
0.832856570440256960
0.496959654718770127
0.892453418462967218
0.342644507751226124
0.804091882314160289
0.562366855576532765
0.878600669195787831
0.380775879104125303
0.841741814326887994
0.475561503268174812
0.890354303177308792
0.348510655524634727
0.810559658027351526
0.548174792506348596
0.884201250093119562
0.365524593329470626
0.827928823470633013
0.508584051920453528
0.892223363138834102
0.343288951028614842
0.804814432432229054
0.560796203252308278
0.879291262136460805
0.378907388040457815
0.840138802807818941
0.479463676951646822
0.890980827065395609
0.346763077428015265
0.808658544328239359
0.552377347570885524
0.882692677068130149
0.369654718781227354
0.831833425357276335
0.499387483025842571
0.892485078606073179
0.342555790084775547
0.803992179818390329
0.562583292452872419
0.878504124228564498
0.381036823060182217
0.841963699072936445
0.475019928857520590
0.890258757751912100
0.348776916377531943
0.810847397323836705
0.547536474693085973
0.884419353092202098
0.364926133139354958
0.827352939435694212
0.509931229129998331
0.892134316682126061
0.343538291285788111
0.805093197266040672
0.560189238236671327
0.879553417278407967
0.378197200774533226
0.839522982795616879
0.480957875317544692
0.891191946697905024
0.346173565057385280
0.808012321159864766
0.553799995912673704
0.882153425987294959
0.371127121767162171
0.833195979345050963
0.496152617926158668
0.892433574386625295
0.342700110930985125
0.804154341511478576
0.562231231302333545
0.878660996012327944
0.380612792613594264
0.841602892446682294
0.475900403678154393
0.890413027282932590
0.348346974004013821
0.810382521592185046
0.548567456129105069
0.884065637989183584
0.365896532721230017
0.828285443418488754
0.507748616455697688
0.892272074656244807
0.343152529256166960
0.804661723689958475
0.561128466439828055
0.879146639783932593
0.379298964934195904
0.840476808138651221
0.478642404863976689
0.890857998423462583
0.347105907168854200
0.809033213041981836
0.551551155842915253
0.882999209988512779
0.368816817652767692
0.831051125331226381
0.501238766179194717
0.892480939737426149
0.342567388378605509
0.804005217380992288
0.562554994192784541
0.878516766105121305
0.381002658092323254
0.841934675723502446
0.475090788785947737
0.890271378048842155
0.348741750548878737
0.810809423787700378
0.547620748643294797
0.884390724715762189
0.365004706873620799
0.827428694905237072
0.509754148078989888
0.892146761181753178
0.343503448667505595
0.805054269560310343
0.560274030304804493
0.879516952676398289
0.378296014010981896
0.839608881734343115
0.480749616444955452
0.891163477257257641
0.346253079247390461
0.808099629344287584
0.553607962766666462
0.882227059287643667
0.370926191452423892
0.833010951527851429
0.496592673756078018
0.892444971354965810
0.342668176924668111
0.804118472656970895
0.562309120552188069
0.878626366273470349
0.380706413237895447
0.841682664471192221
0.475705816391690073
0.890379409767414143
0.348440679015665888
0.810483952732515500
0.548342638106122715
0.884143416880310284
0.365683226866424849
0.828081044005562261
0.508227563668143700
0.892244758335388966
0.343229033597199640
0.804747378010028935
0.560942120551240597
0.879227846594763052
0.379079109210772425
0.840287165615673515
0.479103291267317821
0.890927521095317587
0.346911874130946596
0.808821263013277614
0.552018655486362420
0.882826357324988265
0.369289389172188176
0.831492954472914492
0.500193731405603415
0.892486283981043904
0.342552412256325489
0.803988382643988531
0.562591534058826115
0.878500441324116088
0.381046775981187247
0.841972152572715293
0.474999288675519715
0.890255074951523118
0.348787178102995699
0.810858476701039721
0.547511884500725410
0.884427696974270372
0.364903231334141043
0.827330850770732207
0.509982854438859934
0.892130646525526871
0.343548566928983334
0.805104676011506926
0.560164233244527243
0.879564160807174700
0.378168085720122948
0.839497659607544522
0.481019260417108574
0.891200279084292890
0.346150291887795392
0.807986758210256562
0.553856210966907958
0.882131821034838337
0.371186069946815245
0.833250207420518030
0.496023599753607325
0.892429970847416820
0.342710207760343666
0.804165680938151439
0.562206605816060079
0.878671935547680083
0.380583216076445796
0.841577677937822566
0.475961899785579456
0.890423595325124162
0.348317515118015286
0.810350620821000844
0.548638147714721747
0.884041106685294231
0.365963799993647421
0.828349834614412361
0.507597673687681938
0.892280344119499969
0.343129368064824691
0.804635784161248369
0.561184889039184509
0.879122002741159703
0.379365656863481004
0.840534266849691458
0.478502712823531906
0.890836626993844027
0.347165546437315176
0.809098305385264838
0.551407516833342104
0.883052005492979908
0.368672434554500439
0.830915816839489008
0.501558525315272563
0.892477746565564001
0.342576336475956089
0.804015275219557402
0.562533162647128160
0.878526515154829934
0.380976310277576724
0.841912287401663906
0.475145445317832482
0.890281087997115028
0.348714693487710004
0.810780200428412479
0.547685596481225390
0.884368660986324384
0.365065259217870808
0.827487045297171431
0.509617724068371469
0.892156195793090023
0.343477032520468906
0.805024750501942887
0.560338321307192522
0.879489270285995994
0.378371022519984890
0.839674040535472233
0.480591606148378925
0.891141670298086663
0.346313981436759843
0.808166470647629809
0.553460909459847605
0.882283267481490774
0.370772784658615129
0.832869491959683739
0.496928945359785046
0.892452748465651813
0.342646385132193920
0.804093991541192099
0.562362276042779774
0.878602708353283246
0.380770366904724933
0.841737121973733182
0.475572952528556137
0.890356300470304785
0.348505088880429581
0.810553636937165867
0.548188143314790599
0.884196657275557518
0.365537192065451433
0.827940919451726653
0.508555730156262875
0.892225096093514192
0.343284097995814774
0.804809002290419517
0.560808020992335954
0.879286131813558081
0.378921281365736773
0.840150814122325507
0.479434506309587449
0.890976546820542059
0.346775025925600888
0.808671616609761723
0.552348538417556822
0.882703447823080301
0.369625288527162144
0.831806032965558551
0.499452379897275589
0.892485347384664895
0.342555036886050990
0.803991333119654650
0.562585130185477511
0.878503303047915129
0.381039042280676699
0.841965584026084124
0.475015326574040775
0.890257936836055919
0.348779203779276070
0.810849867050301820
0.547530993319294668
0.884421213392061145
0.364921027138888077
0.827348015050757501
0.509942738633124892
0.892133500094559162
0.343540577562348570
0.805095751291736272
0.560183674696772327
0.879555808069253264
0.378190721782281858
0.839517348133445585
0.480971534511106080
0.891193803118063510
0.346168379937354165
0.808006626225652336
0.553812519951023319
0.882148614617021432
0.371140249671600975
0.833208058218099401
0.496123881970593816
0.892432782065186836
0.342702330960393042
0.804156834818050337
0.562225816743407880
0.878663401727390103
0.380606288505618284
0.841597348117999022
0.475913926227849560
0.890415353434965806
0.348340489820565702
0.810375500458201725
0.548583015470441193
0.884060241668771396
0.365911330336544827
0.828299611119422186
0.507715407747610814
0.892273907967093383
0.343147394543827644
0.804655973365510091
0.561140974724261832
0.879141179977037890
0.379313744884359150
0.840489544605689809
0.478611442348513438
0.890853273498919851
0.347119092858775069
0.809047606542915521
0.551519396367969206
0.883010896086506958
0.368784860680179183
0.831021189708969765
0.501309520884260507
0.892480296064442125
0.342569192123433064
0.804007244871891236
0.562550593378907893
0.878518731597279001
0.380997346201178810
0.841930162490837297
0.475101807213088312
0.890273337232356465
0.348736291279651001
0.810803527848149463
0.547633832467004034
0.884386275513367126
0.365016917674554853
0.827440463774487212
0.509726634259569655
0.892148674639530626
0.343498091192197375
0.805048283184379709
0.560287068828937751
0.879511340940280606
0.378311220074941001
0.839622094267369556
0.480717578461235973
0.891159070111551599
0.346265387739833119
0.808113140282502918
0.553578240781792630
0.882238432373158243
0.370895153161638347
0.832982344038881384
0.496660689774206687
0.892446609529309542
0.342663586726898617
0.804113316265153144
0.562320316906468110
0.878621384787931836
0.380719879853791798
0.841694133922939569
0.475677835310256036
0.890374553434656102
0.348454214825414721
0.810498599409411158
0.548310168269302345
0.884154620443851180
0.365652497931173937
0.828051571365475247
0.508296599136255578
0.892240685908031628
0.343240438716779228
0.804760143611541023
0.560914343767354495
0.879239930077882259
0.379046390899390129
0.840258914046637106
0.479171928808329151
0.890937745013794857
0.346883336960765787
0.808790068049137223
0.552087435356727774
0.882800795073745759
0.369359257127374885
0.831558141983144039
0.500039428892834592
0.892486412417764496
0.342552052336834445
0.803987978036910245
0.562592412235255912
0.878500048867168593
0.381047836576709709
0.841973053346364853
0.474997089304035502
0.890254682341248715
0.348788272063403015
0.810859657783592702
0.547509263088042375
0.884428586210757706
0.364900790579918866
0.827328496455912221
0.509988356704030865
0.892130254235265596
0.343549665251020597
0.805105902883694324
0.560161560603315900
0.879565308857704675
0.378164974444676782
0.839494953178299363
0.481025820711580954
0.891201167984502329
0.346147809073367063
0.807984030890590565
0.553862208294450542
0.882129514769101175
0.371192362296403899
0.833255994462977934
0.496009830117262740
0.892429579235894721
0.342711305018999046
0.804166913190464294
0.562203929716076911
0.878673124107656744
0.380580002589754940
0.841574938008738616
0.475968581973193305
0.890424742025728966
0.348314318591299965
0.810347158957404279
0.548645818710625344
0.884038442560116100
0.365971105030913402
0.828356825373090966
0.507581284503411889
0.892281232217536524
0.343126880642362797
0.804632998128328891
0.561190948818062418
0.879119355374700762
0.379372822968004952
0.840540438947581237
0.478487705986585521
0.890834322816063340
0.347171976298002949
0.809105321639202235
0.551392032288121836
0.883057688147733333
0.368656892664314784
0.830901242897735925
0.501592958452571236
0.892477359171219953
0.342577422050626412
0.804016495388092833
0.562530514100025192
0.878527697653062600
0.380973114407702929
0.841909571463172024
0.475152075485579140
0.890282264421927039
0.348711415299078509
0.810776659419683687
0.547693453711262879
0.884365985614995576
0.365072601348896575
0.827494118656103894
0.509601184806855345
0.892157330559440021
0.343473855223848379
0.805021199655885700
0.560346054449454956
0.879485938564774417
0.378380049819507291
0.839681879711088763
0.480572594080105442
0.891139034432709920
0.346321342616985439
0.808174547888094175
0.553443137075736447
0.882290050163278217
0.370754271429018289
0.832852409166482843
0.496969544172695898
0.892453632791466611
0.342643907186582553
0.804091207577824818
0.562368320550967415
0.878600016845891951
0.380777642513735082
0.841743315413400861
0.475557840609907134
0.890353664038728176
0.348512436858203933
0.810561584737512719
0.548170520278787321
0.884202719515247093
0.365520562468841959
0.827924953222943349
0.508593113572684996
0.892222807464295387
0.343290507156380875
0.804816173574726901
0.560792413920065735
0.879292906952042208
0.378902933708356482
0.840134951574495137
0.479473029827152231
0.890982198138263959
0.346759249988274121
0.808654356693346621
0.552386576169770160
0.882689225558155544
0.369664149589785995
0.831842201832548866
0.499366689046439605
0.892484986124059021
0.342556049247168704
0.803992471151551258
0.562582660122353473
0.878504406776383417
0.381036059480542144
0.841963050498405696
0.475021512404992130
0.890259040176559324
0.348776129427762371
0.810846547639064830
0.547538360495031129
0.884418713028399139
0.364927889928956528
0.827354633694936670
0.509927269187907428
0.892134597417310715
0.343537505284143674
0.805092319205992890
0.560191150940463234
0.879552595291181238
0.378199428332976262
0.839524919993598018
0.480953179231702443
0.891191308145444561
0.346175348576369446
0.808014279994599294
0.553795688079566806
0.882155080672284986
0.371122606893235396
0.833191824963645633
0.496162501067652695
0.892433845526734770
0.342699351214280412
0.804153488268459782
0.562233084226975488
0.878660172700757136
0.380615018514993353
0.841604789813364729
0.475895775973667945
0.890412230924314430
0.348349193856649086
0.810384925200231865
0.548562129478746829
0.884067484991046482
0.365891467884694233
0.828280593826026812
0.507759983440119522
0.892271445324754220
0.343154291873799089
0.804663697588346882
0.561124172700283586
0.879148513723352787
0.379293892044322511
0.840472436269474432
0.478653032667255618
0.890859618663615405
0.347101385581795763
0.809028276991098694
0.551562046972352449
0.882995200870842600
0.368827780819296458
0.831061393373030755
0.501214495550044048
0.892481152299865466
0.342566792720828628
0.804004547829564542
0.562556447495556666
0.878516117000445629
0.381004412340721799
0.841936166171235123
0.475087150034050609
0.890270730852964154
0.348743553955612795
0.810811371396690683
0.547616426601998718
0.884392194173245105
0.365000673928082942
0.827424807685660402
0.509763235587592178
0.892146128000509631
0.343505221500908620
0.805056250457063971
0.560269715790027600
0.879518809361495291
0.378290982920862773
0.839604509861941239
0.480760217164017345
0.891164933878773269
0.346249011092966907
0.808095163524385707
0.553617786596606321
0.882223298822800150
0.370936453934893162
0.833020408778301746
0.496570187291667020
0.892444422500516588
0.342669714821692506
0.804120200217654846
0.562305369363167218
0.878628035053522383
0.380701901929539344
0.841678821922107301
0.475715190533726073
0.890381035472054272
0.348436147734036972
0.810479049281952801
0.548353508095833608
0.884139664559985827
0.365693518463675871
0.828090913342956036
0.508204444762677232
0.892246114522227018
0.343225235474179269
0.804743126614354432
0.560951370941969452
0.879223821258169114
0.379090008337921780
0.840296575084043318
0.479080429580914846
0.890924108260596870
0.346921399925463225
0.808831674693140101
0.551995697863122858
0.882834882077995431
0.369266087876349403
0.831471206377537464
0.500245203624141377
0.892486203325404959
0.342552638278359189
0.803988636728434569
0.562590982582528598
0.878500687775996547
0.381046109956587054
0.841971586907717562
0.475000669826931898
0.890255321483502948
0.348786491171288848
0.810857735058265305
0.547513530571745344
0.884427138568430804
0.364904764029733097
0.827332329164111147
0.509979399267974309
0.892130892755381932
0.343547877541754143
0.805103905932402886
0.560165910793692712
0.879563440178895539
0.378170038654678631
0.839499358386529670
0.481015142606635637
0.891199720976362353
0.346151850753284529
0.807988470568865691
0.553852445493576595
0.882133268912246526
0.371182119580030112
0.833246574143485685
0.496032244617839568
0.892430216017530031
0.342709520816186386
0.804164909476178136
0.562208281205549887
0.878671191416087627
0.380585227965549666
0.841579393306017831
0.475957716287937538
0.890422877251354938
0.348319516805723206
0.810352788627400344
0.548633344121404964
0.884042774752005767
0.365959226125152637
0.828345457329721313
0.507607935647339192
0.892279787067499330
0.343130928276703828
0.804637531651127502
0.561181088121765370
0.879123663133509092
0.379361162354349135
0.840530395584489054
0.478512125277775258
0.890838071379117191
0.347161515827914602
0.809093907040067228
0.551417223596835537
0.883048442346495821
0.368682179535577803
0.830924954023744888
0.501536936564789371
0.892477985134873752
0.342575667945270779
0.804014523797592640
0.562534793708704295
0.878525786908981643
0.380978278460723963
0.841913959981781534
0.475141362177529059
0.890280363348337267
0.348716712766439230
0.810782381559281617
0.547680756672553781
0.884370308712252529
0.365060737270744229
0.827482688692641410
0.509627910708822407
0.892155495911089669
0.343478992155166252
0.805026940491669230
0.560333551835014432
0.879491324936603536
0.378365455404116646
0.839669205842963673
0.480603331334006068
0.891143294611091208
0.346309445193752174
0.808161492948032412
0.553471861679953325
0.882279086535168844
0.370784196326108206
0.832880020678357536
0.496903921863704412
0.892452197540130499
0.342647928862975737
0.804095725895249580
0.562358510405880141
0.878604384989676190
0.380765834641036027
0.841733263644940832
0.475582366666169154
0.890357942040374994
0.348500513648288379
0.810548688029629094
0.548199116535176389
0.884192881420257648
